6
10
 O       AL      CA      FE      H       K       MG      NA      SI      E       
    8.000000    1.260000    0.240000    0.010000    0.000000    0.010000    0.000000    0.730000    2.740000    0.000000
    12.00000    1.980000    0.090000    2.470000    0.000000    0.000000    0.420000    0.000000    2.980000    0.000000
    11.00000    1.718000    0.000000    1.258000    0.000000    0.881000    1.145000    0.045000    2.676000    0.000000
    18.00000    3.947000    0.000000    0.698000    0.000000    0.094000    1.323000    0.061000    4.986000    0.000000
    11.00000    2.775000    0.007000    0.056000    0.000000    0.843000    0.060000    0.118000    3.096000    0.000000
    2.000000    0.000000    0.000000    0.000000    0.000000    0.000000    0.000000    0.000000    1.000000    0.000000
FSP2         GARNET        BIOTITE        CORD        WHITE_MICA        A-QUARTZ         
   30.000000    5.000000    15.00000    15.00000    5.000000    30.00000
   A    A    A    A    A    A


