5
12
 O       SI       TI      AL      FE      MN       MG       CA      NA      K      H      E       
    8.000000    67.17000    0.000000    20.25000    0.288000    0.000000    0.000000    1.182000    10.75000    0.082000    0.000000    0.000000
    12.00000    38.56000    0.000000    21.47000    33.48000    1.370000    6.200000    0.186000    0.000000    0.000000    0.000000    0.000000
    11.00000    37.18000    2.340000    17.35000    13.59000    0.093000    14.98000    0.000000    0.163000    9.630000    0.000000    0.000000
    46.00000    27.23000    0.801000    52.67000    13.50000    0.113000    3.270000    0.000000    0.000000    0.000000    0.000000    0.000000
    2.000000    1.000000    0.000000    0.000000    0.000000    0.000000    0.000000    0.000000    0.000000    0.000000    0.000000    0.000000
FSP         GARNET        BIO        STAU        quartz        
   25.000000    10.000000    15.00000    5.00000    45.00000
O         O        O        O        A 



